0.665966
0.789496
0.768487
0.785714
0.814706
0.815546
0.819328
0.819748
0.821429
0.82395
0.82395
0.832773
0.832773
0.842857
0.858403
0.856723
0.85084
0.855882
0.857563
0.859244
0.859244
0.858403
0.873109
0.87563
0.876471
0.878992
0.877311
0.87563
0.877311
0.884874
0.885714
0.881513
0.881513
0.881513
0.878992
0.871429
0.869748
0.869748
0.871429
0.881513
0.884874
0.884874
0.884874
0.884874
0.884874
0.884874
0.883193
0.884874
0.881933
0.886134
0.888655
0.888655
0.883613
0.883613
0.882773
0.883613
0.882773
0.883613
0.883193
0.884874
0.883193
0.885714
0.884874
0.884034
0.884034
0.884874
0.885714
0.886555
0.886555
0.886555
0.884874
0.884034
0.884034
0.884034
0.884034
0.884034
0.884874
0.885714
0.885714
0.885714
0.884034
0.884034
0.883193
0.884874
0.884874
0.883193
0.883193
0.889076
0.888235
0.889076
0.889076
0.889916
0.889916
0.889916
0.894958
0.893277
0.893277
0.891597
0.892017
0.893697
0.894538
0.894538
0.892857
0.891176
0.892017
0.891176
0.889496
0.889496
0.890336
0.888655
0.889496
0.889496
0.891176
0.888655
0.887815
0.888655
0.888655
0.888655
0.888655
0.887815
0.887815
0.887815
0.887815
0.887815
0.887815
0.887815
0.890336
0.889496
0.889496
0.888655
0.888655
0.888655
0.888655
0.888655
0.888655
0.889496
0.888655
0.886134
0.886134
0.886134
0.886134
0.886975
0.886975
0.887815
0.886975
0.887815
0.887815
0.886975
0.886975
0.886975
0.886975
0.885714
0.885714
0.885714
0.886555
0.886555
0.886555
0.885714
0.885714
0.885714
0.887395
0.887395
0.887395
0.887395
0.887395
0.887395
0.887395
0.885714
0.884874
0.884874
0.884034
0.884034
0.884874
0.889076
0.889076
0.889076
0.887395
0.887395
0.888235
0.885714
0.885714
0.885714
0.886555
0.886555
0.886555
0.885714
0.885714
0.885714
0.885714
0.885714
0.884034
0.884034
0.884034
0.885714
0.885714
0.885714
0.885714
0.885714
0.885714
0.886555
0.886555
0.886555
0.886555
0.886555
0.887395
0.887395
0.887395
0.887395
0.885714
0.885714
0.885714
0.885714
0.885714
0.886555
0.886555
0.886555
0.886555
0.886555
0.885714
0.885714
0.884874
0.884874
0.884034
0.884034
0.884034
0.884034
0.884034
0.884034
0.884034
0.884034
0.884034
0.884034
0.884034
0.884874
0.884874
0.884874
0.884874
0.884874
0.884874
0.884874
0.884874
0.884874
0.884874
0.884874
0.886555
0.885714
0.885714
0.885714
0.885714
0.885714
0.885714
0.885714
0.885714
0.885714
0.885714
0.885714
0.885714
0.887395
0.887395
0.888235
0.887395
0.886555
0.886555
0.886555
0.888235
0.888235
0.889076
0.888235
0.887395
0.888235
0.888235
0.888235
0.888235
0.889076
0.888235
0.888235
0.889076
0.890756
0.890336
0.891176
0.891176
0.891176
0.890336
0.891176
0.891176
0.891176
0.891176
0.891176
0.892017
0.892017
0.892017
0.892017
0.892017
0.892017
0.892017
0.891176
0.892017
0.892857
0.892017
0.892017
0.892017
0.892017
0.892017
0.892017
0.892017
0.892017
0.892017
0.892017
0.892017
0.892017
0.891176
0.891176
0.891176
0.891176
0.891176
0.891176
0.891176
0.892017
0.892017
0.892017
0.891176
0.891176
0.891176
0.891176
0.891176
0.891176
0.891176
0.890336
0.890336
0.890336
0.890336
0.890336
0.890336
0.890336
0.890336
0.889496
0.889496
0.890336
0.890336
0.891176
0.891176
0.891176
0.891176
0.891176
0.891176
0.891176
0.891176
0.890336
0.890336
0.890336
0.890336
0.890336
0.890336
0.890336
0.890336
0.890336
0.890336
0.890336
0.889496
0.889496
0.889496
0.889496
0.889496
0.889496
0.889496
0.889496
0.889496
0.889496
0.889496
0.889496
0.889496
0.889496
0.889496
0.889496
0.889496
0.889496
0.889496
0.889496
0.889496
0.889496
0.889496
0.889496
0.889496
0.889496
0.889496
0.889496
0.889496
0.889496
0.889496
0.888655
0.887815
0.887815
0.887815
0.887815
0.887815
0.887815
0.887815
0.887815
0.888655
0.888655
0.888655
0.888655
0.888655
0.888655
0.888655
0.888655
0.888655
0.888655
0.888655
0.888655
0.888655
0.888655
0.888655
0.889496
0.888655
0.888655
0.888655
0.888655
0.888655
0.888655
0.888655
0.888655
0.888655
0.888655
0.888655
0.888655
0.888655
0.888655
0.888655
0.887815
0.887815
0.886975
0.886975
0.886975
0.887815
0.887815
0.887815
0.887815
0.887815
0.889496
0.889496
0.889496
0.889496
0.889496
0.889496
0.889496
0.887815
0.887815
0.887815
0.887815
0.887815
0.887815
0.887815
0.887815
0.887815
0.887815
0.887815
0.886975
0.887815
0.887815
0.886975
0.886975
0.886975
0.886975
0.886975
0.886975
0.886975
0.886975
0.886975
0.886975
0.886975
0.886975
0.887815
0.887815
0.886975
0.886975
0.886975
0.886975
0.886975
0.886975
0.886975
0.886975
0.886975
0.886975
0.886975
0.886975
0.886975
0.886975
0.886975
0.887815
0.887815
0.887815
0.887815
0.887815
0.887815
0.886975
0.886134
0.886134
0.886134
0.886134
0.77343
0.874879
0.823671
0.823671
0.837681
0.86715
0.858454
0.857488
0.87343
0.87343
0.874879
0.877778
0.877778
0.873913
0.870048
0.869082
0.881643
0.880676
0.881643
0.882609
0.881643
0.881643
0.881159
0.883092
0.881159
0.883092
0.883092
0.883092
0.883092
0.879227
0.879227
0.879227
0.884541
0.885507
0.888406
0.889372
0.891304
0.894203
0.891304
0.891304
0.891304
0.891304
0.891304
0.894203
0.895169
0.898068
0.898068
0.899034
0.896618
0.896618
0.892754
0.892754
0.894686
0.894686
0.894686
0.894686
0.890821
0.890821
0.890821
0.890338
0.890338
0.890338
0.890338
0.889372
0.891787
0.89372
0.894686
0.891787
0.894686
0.895652
0.895652
0.895652
0.895652
0.895652
0.895652
0.895652
0.895652
0.898551
0.898551
0.899517
0.899517
0.896618
0.896618
0.896618
0.898551
0.899517
0.898551
0.898551
0.898551
0.898551
0.898551
0.899517
0.900483
0.900483
0.901449
0.901449
0.900483
0.900483
0.899517
0.901449
0.901449
0.900483
0.901449
0.901449
0.901449
0.901449
0.901449
0.901449
0.901449
0.900483
0.900483
0.900483
0.900483
0.900483
0.901449
0.902415
0.902415
0.902415
0.902415
0.901449
0.901449
0.901449
0.901449
0.902415
0.901449
0.901449
0.901449
0.901449
0.901449
0.901449
0.901449
0.901449
0.901449
0.901449
0.901449
0.902415
0.902415
0.902415
0.903382
0.903382
0.903382
0.903382
0.902415
0.902415
0.903382
0.903382
0.903382
0.903382
0.901449
0.901449
0.902415
0.902415
0.902415
0.903382
0.904348
0.904348
0.904348
0.904348
0.904348
0.904348
0.903382
0.904348
0.904348
0.904348
0.904348
0.904348
0.904348
0.904348
0.904348
0.904348
0.904348
0.904348
0.904348
0.904348
0.904348
0.904348
0.905314
0.904348
0.904348
0.904348
0.903382
0.903382
0.904348
0.904348
0.904348
0.904348
0.904348
0.905314
0.90628
0.90628
0.90628
0.905314
0.905314
0.905314
0.905314
0.905314
0.905314
0.905314
0.905314
0.905314
0.905314
0.905314
0.90628
0.90628
0.905314
0.905314
0.904348
0.904348
0.904348
0.904348
0.904348
0.904348
0.904348
0.904348
0.905314
0.905314
0.904348
0.905314
0.905314
0.90628
0.905314
0.905314
0.907246
0.90628
0.90628
0.90628
0.90628
0.90628
0.90628
0.904348
0.904348
0.905314
0.905314
0.905314
0.905314
0.905314
0.905314
0.905314
0.905314
0.905314
0.905314
0.905314
0.905314
0.905314
0.905314
0.905314
0.905314
0.90628
0.90628
0.90628
0.90628
0.90628
0.90628
0.90628
0.90628
0.90628
0.90628
0.90628
0.90628
0.905314
0.905314
0.905314
0.904348
0.904348
0.904348
0.904348
0.904348
0.904348
0.904348
0.904348
0.905314
0.904348
0.904348
0.904348
0.905314
0.905314
0.905314
0.905314
0.905314
0.905314
0.905314
0.905314
0.905314
0.904348
0.904348
0.905314
0.905314
0.905314
0.905314
0.905314
0.905314
0.905314
0.905314
0.905314
0.905314
0.905314
0.905314
0.905314
0.905314
0.905314
0.90628
0.90628
0.90628
0.90628
0.90628
0.90628
0.907246
0.90628
0.90628
0.905314
0.905314
0.905314
0.905314
0.90628
0.905314
0.905314
0.905314
0.905314
0.90628
0.90628
0.90628
0.90628
0.90628
0.905314
0.905314
0.905314
0.905314
0.905314
0.905314
0.907246
0.908213
0.908213
0.908213
0.908213
0.908213
0.908213
0.908213
0.907246
0.907246
0.908213
0.908213
0.907246
0.907246
0.907246
0.907246
0.907246
0.907246
0.907246
0.907246
0.908213
0.908213
0.908213
0.907246
0.907246
0.907246
0.907246
0.907246
0.908213
0.908213
0.908213
0.908213
0.908213
0.908213
0.908213
0.908213
0.908213
0.908213
0.908213
0.908213
0.908213
0.907246
0.907246
0.907246
0.907246
0.908213
0.908213
0.908213
0.908213
0.908213
0.908213
0.908213
0.909179
0.909179
0.909179
0.908213
0.907246
0.907246
0.907246
0.908213
0.908213
0.908213
0.908213
0.908213
0.908213
0.908213
0.908213
0.907246
0.907246
0.907246
0.907246
0.907246
0.908213
0.908213
0.908213
0.908213
0.909179
0.909179
0.909179
0.909179
0.908213
0.908213
0.908213
0.908213
0.908213
0.90628
0.907246
0.907246
0.907246
0.90628
0.90628
0.907246
0.907246
0.907246
0.907246
0.907246
0.907246
0.907246
0.907246
0.907246
0.907246
0.907246
0.907246
0.905314
0.904348
0.904348
0.905314
0.907246
0.907246
0.90628
0.90628
0.90628
0.90628
0.90628
0.90628
0.90628
0.90628
0.90628
0.90628
0.90628
0.90628
0.90628
0.90628
0.907246
0.907246
0.907246
0.907246
0.907246
0.907246
0.907246
0.907246
0.908213
0.907246
0.907246
0.907246
0.907246
0.907246
0.907246
0.907246
0.905314
0.905314
0.905314
0.905314
0.905314
0.905314
0.90628
0.907246
0.907246
0.907246
0.907246
0.907246
0.90628
0.90628
0.90628
0.90628
0.90628
0.90628
0.90628
0.90628
0.90628
0.907246
0.907246
0.90628
0.90628
0.90628
0.90628
0.905314
0.90628
0.90628
0.907246
0.90628
